25 2 198 126 3 0 234 125
37 1 98 75 4 0 3234 2323
30 4 764 700 5 0 223 112
3 3 160 130 6 0 500 193
19 4 100 60 6 0 50 20
29 4 275 243 3 0 322 233
15 25 6 3 6 0 250 147
16 3 104 80 5 0 100 70
41 4 5000 4000 4 0 100 70
12 2 60 24 2 0 30 20
39 1 137 100 2 0 1281 123
31 5 150 100 5 0 183 162
20 4 105 95 3 0 100 35
35 5 256 230 2 0 1223 1028
5 4 166 130 5 0 65 30
6 2 180 130 3 0 500 300
17 4 150 90 3 0 100 33
26 1 952 863 5 0 236 122
4 5 35 20 4 0 500 272
1 1 200 150 1 0 20 262
21 2 75 50 5 0 250 89
36 4 87 50 4 0 1313 1221
40 4 562 492 3 0 1739 1373
9 3 500 300 2 0 20 13
2 2 20 15 2 0 500 122
8 12 150 75 6 0 50 20
22 3 6 3 4 0 257 87
28 5 225 200 4 0 972 273
27 1 952 863 5 0 236 122
13 4 200 100 3 0 20 15
10 10 170 100 4 0 25 20
14 1 160 100 3 0 100 50
24 5 59 45 3 0 978 362
32 5 250 200 2 0 217 123
11 2 15 9 6 0 200 140
7 3 75 50 1 0 50 25
41 4 5000 4000 4 0 100 70
33 4 120 80 2 0 289 131
38 2 103 75 4 0 1722 1333
18 2 40 15 3 0 100 30
34 3 1678 1500 1 0 1233 1092
23 3 1687 1567 2 0 234 223
